0.0357153
0.0128307
0.00894012
0.00766895
0.0069181
0.0256158
0.026425
0.00275161
0.0173259
0.00880824
0.00558624
0.0328798
0.120055
0.146261
0.161229
0.15855
0.135373
0.105409
0.0385242
0.0307674
0.0170906
0.0123678
0.0100707
0.00610563
0.00275161
0.0173259
0.0292353
0.0396832
0.0650791
0.0650791
0.0927757
0.0728799
0.0620174
0.0753077
0.0252177
0.0252177
0.0344464
0.0166378
0.0166378
0.0344464
0.0166378
0.0166378
0.0166378
0.0252177
0.0252177
0.0252177
0
0
0
0.0252177
0
0
0.0166378
0.0252177
0.0252177
0.0344464
0.0356631
0.0356631
0.0183417
0.0273052
0.0273052
0.0273052
0
0.0273052
0.0273052
0.0273052
0.0183417
0.0183417
0.0183417
0.0183417
0.0540541
0.0540541
0.069843
0.0540541
0.0540541
0.0183417
0.0183417
0.0183417
0.0183417
0.0273052
0.0273052
0.0273052
0
0
0
0
0
0
0
0
0
0
0
0
0.0273052
0.0273052
0.0519875
0.0356631
0.0723102
0.051131
0.0570782
0.063133
0.0404796
0.0274721
0.0240946
0.0251876
0.0240946
0.0274721
0.0148191
0.0274721
0.0217571
0.0217571
0.0570782
0.0252177
0
0.0166378
0.0570782
0
0.0166378
0.0166378
0
0.0252177
0.0166378
0.0252177
0
0.0570782
0.0166378
0.0252177
0.033833
0.0525226
0.1
0.117444
0.0911922
0.109023
0.116554
0.0984899
0.0392232
0.0178564
0.0178564
0.0392232
0.0984899
0.13748
0.144207
0.149785
0.156893
0.135373
0.107857
0.0758846
0.062084
0.0318465
0.0188629
0.00831091
0.00498561
0.00153416
0.0100707
0.0247314
0.0137458
0.0140484
0.194029
0.152662
0.133333
0.0328798
0.00929178
0.0027859
0.00304034
0.00664419
0.00110934
0.00485987
0.011258
0.00269042
0.00672483
0.0161104
0.0328798
0.0912386
0.119649
0.127804
0.110587
0.0777119
0.0183417
0.0183417
0.0183417
0.0183417
0.0183417
0.0273052
0.0273052
0.0273052
0
0
0
0
0
0.0273052
0.0273052
0.0273052
0.0183417
0.0183417
0.0183417
0.0344464
0.0344464
0.0344464
0.0344464
0.0166378
0.0166378
0.0344464
0.033833
0.0252177
0.0166378
0.0166378
0
0.0252177
0.0464991
0
0.0217571
0.0464991
0.0217571
0.0148191
0.0251876
0.0148191
0.0251876
0.0116345
0.0461538
0.0421637
0.0572598
0.0425436
0.0584705
0.0360994
0.0308137
0.0204188
0.0120331
0.0120331
0.0120331
0.0342929
0.0584705
0.0754281
0.14792
0.160516
0.163314
0.146261
0.127974
0.0328798
0.013329
0.0262209
0.0216032
0.00948425
0.00468831
0.00468831
0.00155381
0.0104633
0.0216032
0.00880824
0.0393652
0.0624695
0.109544
0.119649
0.124762
0.12519
0.0966948
0.0966948
0.0183417
0.0183417
0.0183417
0.0273052
0.0344464
0.0344464
0.0273052
0.0183417
0.0356631
0.0356631
0.0344464
0.033833
0.033833
0.0344464
0.0356631
0.0356631
0.0344464
0.0344464
0.0252177
0.0166378
0.0723102
0.051131
0.0826898
0.0836769
0.0951691
0.0629317
0.0624695
0.041145
0.0396832
0.0318465
0.0188629
0.0100707
0.00423514
0.00410132
0.00225271
0.0114051
0.0318465
0.0128534
0.00835585
0.117426
0.137987
0.132323
0.12519
0.220613
0.0252177
0.119814
0.139275
0.145951
0.126461
0.109791
0.0770321
0.0367864
0.0160909
0.0130158
0.0204188
0.0464325
0.0770321
0.119649
0.122226
0.124762
0.12519
0.110587
0.0777119
0.0183417
0.0183417
0.0183417
0.069843
0.0854531
0.0854531
0.0723102
0.0642161
0.0825962
0.063133
0.0392232
0.0524601
0.038097
0.0142044
0.00973009
0.0178564
0.0392232
0.0984899
0.116554
0.138887
0.106828
0.133333
0.129769
0.11213
0.0902485
0.0629317
0.0524631
0.0624695
0.0419027
0.0408921
0.0272113
0.0178103
0.0119008
0.0104966
0.00407735
0.00285381
0.00205972
0.00718562
0.00672483
