0.111056
0.111056
0.109813
0.117444
0.122647
0.110587
0.116554
0.121439
0.0836769
0.0685994
0.0496856
0.0332635
0.01964
0.0114016
0.0111231
0.0496856
0.0685994
0.0890206
0.0883848
0.0970143
0.0984899
0.0723102
0.0854531
0.069843
0.0273052
0.0183417
0.0183417
0.0183417
0.0183417
0.0344464
0.0344464
0.0344464
0.0344464
0.0344464
0.0356631
0.0344464
0.0344464
0.033833
0.0344464
0.0344464
0.0356631
0.0183417
0.0183417
0.0273052
0.0273052
0.0273052
0.0273052
0.0273052
0.0273052
0.0363097
0.0363097
0.0363097
0.0540541
0.0540541
0.0540541
0.0363097
0.0363097
0.0363097
0.0273052
0.0273052
0.0273052
0.0273052
0.0273052
0.0273052
0.0183417
0.0183417
0.0183417
0.0183417
0.0183417
0.0344464
0.0344464
0.0344464
0.0344464
0.0183417
0.0183417
0.0183417
0.0183417
0.0183417
0.0273052
0.0273052
0.069843
0.0519875
0.0723102
0.0877058
0.0970143
0.0883848
0.0890206
0.0685994
0.0496856
0.0332635
0.0114016
0.01964
0.0332635
0.0685994
0.0890206
0.109305
0.0825962
0.114332
0.128374
0.0854531
0.0777119
0.0519875
0.0166378
0.0252177
0.0252177
0.033833
0.0356631
0.0166378
0.0166378
0.0344464
0.0344464
0.0344464
0.0183417
0.0183417
0.0183417
0.0183417
0.0273052
0.0273052
0.0273052
0
0
0
0
0
0
0
0
0
0
0
0
0
0
0
0
0
0
0
0
0
0
0
0
0
0
0
0
0
0
0
0
0
0
0
0.0273052
0.0273052
0.0273052
0.0183417
0.0183417
0.0356631
0.0344464
0.0344464
0.033833
0.0344464
0.0344464
0.0166378
0.0344464
0.0344464
0.0344464
0.0344464
0.0525226
0.0777119
0.0966948
0.110587
0.116554
0.121439
0.105409
0.0620174
0.0421637
0.0251101
0.0111231
0.0111231
0.0251101
0.0421637
0.0620174
0.0836769
0.0826898
0.0825962
0.0877058
0.0723102
0.0519875
0.0273052
0
0
0
0
0
0
0
0
0
0
0
0.0273052
0.0273052
0.0273052
0.0183417
0.0183417
0.0183417
0.0344464
0.0344464
0.0344464
0.0344464
0.0166378
0.0166378
0.0344464
0.033833
0.0252177
0.0166378
0.0166378
0.0252177
0.0252177
0.0166378
0.0166378
0.0252177
0.033833
0.0344464
0.0356631
0.0356631
0.0183417
0.0273052
0.0273052
0.0273052
0
0
0
0
0
0
0.0273052
0.0273052
0.0519875
0.0356631
0.0723102
0.051131
0.0252177
0.0464991
0.0287183
0
0.0464991
0.0217571
0
0.0464991
0.0252177
0.0252177
0.0344464
0.0356631
0.0356631
0.0183417
0.0273052
0.0273052
0.0273052
0
0
0
0.0273052
0.0519875
0.0723102
0.0877058
0.0825962
0.0826898
0.0753077
0.0524601
0.031762
0.0261488
0.00973009
0.0421637
0.038097
0.0524601
0.0753077
0.116554
0.109023
0.0966948
0.0966948
0.0777119
0.0540541
0.0183417
0.0344464
0.0344464
0.0344464
0.0344464
0.0344464
0.0183417
0.0183417
0.0183417
0.0183417
0.0344464
0.0344464
0.0344464
0.0183417
0.0183417
0.0183417
0.0183417
0.0183417
0.0183417
0.0273052
0.0273052
0.0273052
0
0
0
0
0
0
0
0
0
0
0
0
0
0
0
0
0
0
0
0
0
0
0.0273052
0.0273052
0.0273052
0.0183417
0.0183417
0.0183417
0.0183417
0.0183417
0.0183417
0.0273052
0.0273052
0.0273052
0
0
0
0.0273052
0.0273052
0.0273052
0.0183417
0.0183417
0.0356631
0.0344464
0.0344464
0.0252177
0.0166378
0.0166378
0
0.0252177
0.0252177
0.0252177
