0.00304034
0.000948171
0.00152017
0.00404693
0.00502908
0.0027859
0.00945293
0.00269042
0.0027859
0.0123797
0.0261488
0.120011
0.147085
0.155516
0.152018
0.131236
0.0766965
0.0271201
0.0215854
0.0102564
0.0107832
0.00275161
0.00612105
0.00634202
0.0153393
0.0292353
0.0385242
0.0624695
0.040283
0.0617538
0.0549442
0.0525226
0.0516798
0.0404796
0.0274721
0.0217571
0.0464991
0.0217571
0
0.0570782
0
0
0.0252177
0.0252177
0.0252177
0.0252177
0.0356631
0.0166378
0.0166378
0.0344464
0.0344464
0.0344464
0.0183417
0.0183417
0.0183417
0.0183417
0.0273052
0.0273052
0.0344464
0.0273052
0.0273052
0.0183417
0.0183417
0.0183417
0.0183417
0.0183417
0.0183417
0.0273052
0.0273052
0.0273052
0
0
0
0
0
0
0
0
0
0
0
0
0
0
0
0
0
0
0
0
0
0
0
0
0.0273052
0.0273052
0.0273052
0.0183417
0.0183417
0.0356631
0.0344464
0.051131
0.0570782
0.0464991
0.0404796
0.0274721
0.063133
0.0392232
0.0178564
0.0178564
0.0178564
0.0178564
0.0178564
0.0274721
0.063133
0.063133
0.0217571
0.0464991
0.0464991
0
0.0166378
0.0166378
0
0.0252177
0.0252177
0.0252177
0
0.0252177
0.0777119
0.0777119
0.1
0.0966948
0.114332
0.116554
0.063133
0.0753077
0.0524601
0.038097
0.031762
0.0524601
0.063133
0.119814
0.159248
0.160484
0.145951
0.135373
0.117426
0.0896696
0.0505025
0.0247314
0.0200425
0.0114841
0.00410132
0.00250893
0.00680214
0.0140381
0.0145207
0.013329
0.0198381
0.135515
0.149071
0.133327
0.0411053
0.0180674
0.00883207
0.00718562
0.0119008
0.00394399
0.0027859
0.00945293
0.0182776
0.0118262
0.0144168
0.0570782
0.0871576
0.116554
0.124035
0.12519
0.0966948
0.0777119
0.0183417
0.0183417
0.0183417
0.0183417
0.0344464
0.0344464
0.0344464
0.0183417
0.0183417
0.0183417
0.0183417
0.0183417
0.0183417
0.0344464
0.0344464
0.0344464
0.0183417
0.0183417
0.0356631
0.0344464
0.0344464
0.033833
0.0166378
0.0166378
0.0166378
0.033833
0.0252177
0.0166378
0.0570782
0
0.0252177
0.0464991
0
0.0217571
0.0404796
0.0217571
0.0274721
0.0251876
0.0274721
0.0178564
0.0378792
0.0525226
0.0332635
0.0584705
0.0338107
0.0360994
0.0464325
0.0204188
0.00677577
0.0120331
0.0120331
0.0342929
0.060692
0.0754281
0.11094
0.124035
0.164146
0.160065
0.143539
0.122108
0.0328798
0.0206367
0.0408109
0.0216032
0.0135226
0.00468831
0.00130764
0.00664419
0.0104633
0.00410608
0.0168091
0.0393652
0.0871576
0.0929461
0.0954915
0.11094
0.0984899
0.0723102
0
0
0
0
0.0273052
0.0273052
0.0273052
0.0183417
0.0183417
0.0356631
0.051131
0.0642161
0.0570782
0.0404796
0.0274721
0.0516798
0.0392232
0.0178564
0.031762
0
0.015881
0.0240946
0.0392232
0.0464325
0.0367864
0.041145
0.0396832
0.0318465
0.0188629
0.00831091
0.00498561
0.00225271
0.00831091
0.0247314
0.0403989
0.0376635
0.102642
0.12675
0.141167
0.160065
0.163934
0.13748
0.105409
0.0685994
0.0496856
0.0332635
0.01964
0.01964
0.0059416
0.0059416
0.01964
0.01964
0.0332635
0.0323263
0.0496856
0.0261488
0.0142044
0.031762
0.0378792
0.0178564
0.0251876
0.0148191
0.0274721
0.0148191
0.0251876
0.0217571
0.0217571
0.0287183
0
0
0.0464991
0.0252177
0
0.0570782
0.0166378
0.0252177
0.033833
0.0166378
0.0166378
0.0166378
0.033833
0.0344464
0.0344464
0.0356631
0.0183417
0.0183417
0.0273052
0.0273052
0.0273052
0
0
0
0.0273052
0.0273052
0.0273052
0.0183417
0.0183417
0.0723102
0.127592
0.124054
0.0942809
0.0411053
